0.45485333    0.29083225
0.3554148    0.27391997
0.34833515    0.2789101
0.34249693    0.26801187
0.33172745    0.2553282
0.33193493    0.2599396
0.3302209    0.25677818
0.32437614    0.2516585
0.32379386    0.251189
0.3232556    0.24865785
0.32367933    0.24889104
0.32043496    0.24849653
0.31618282    0.2556738
0.31809965    0.24621473
0.31287247    0.2529765
0.30936468    0.2523321
0.30820763    0.25745267
0.31227818    0.25079066
0.30966815    0.24667883
0.30188838    0.24860556
0.30084366    0.24616988
0.2931791    0.25078258
0.29126543    0.2524809
0.29056492    0.25464827
0.29448318    0.2473472
0.29325253    0.24503544
0.28791258    0.24460688
0.283381    0.24206829
0.28040943    0.25320524
0.2761553    0.2530681
0.27248347    0.24971652
0.27198523    0.24634169
0.27183238    0.24950686
0.26849273    0.24887094
0.27105808    0.2512839
0.26605004    0.24989307
0.26300773    0.24962366
0.26584733    0.24330482
0.26296124    0.244475
0.25902554    0.24121182
0.2559985    0.24105255
0.25435537    0.2443783
0.25378692    0.24273315
0.2537049    0.2439041
0.2505828    0.245288
0.24939317    0.24169576
0.24805452    0.24991393
0.24633779    0.24157307
0.24570505    0.2468499
0.2437269    0.23978062
0.24015652    0.23806456
0.24119513    0.24187998
0.24038897    0.24423215
0.24137723    0.24133426
0.2381965    0.24347135
0.23772666    0.24011745
0.23814178    0.2466715
0.23718412    0.23880902
0.23719133    0.24208921
0.23520973    0.23947465
0.23547131    0.24743563
0.23355997    0.23939079
0.2313005    0.24197346
0.2310382    0.24485213
0.236305    0.24375427
0.2321037    0.24134332
0.22732906    0.24751489
0.22752991    0.24476711
0.227942    0.24525177
0.22556755    0.24264574
0.22735912    0.2441689
0.2221472    0.24203329
0.22026809    0.23907813
0.22129154    0.24387315
0.22638902    0.24835506
0.21952593    0.24499302
0.21749249    0.24554601
0.22433287    0.24411467
0.2253058    0.24262814
0.21780178    0.23976377
0.2186592    0.24127308
0.21512192    0.24455985
0.21451187    0.23501986
0.21211809    0.24431649
0.21217825    0.246683
0.21300247    0.23845175
0.21415915    0.24191555
0.2100528    0.24461377
0.21192537    0.24640298
0.21234518    0.24272263
0.20988217    0.24430737
0.20851006    0.24645953
0.2148029    0.2490484
0.21727084    0.23908421
0.21539523    0.2476899
0.20878504    0.24111935
0.20675252    0.25082082
0.20208295    0.24067023
0.20184828    0.24540263
0.20314988    0.23967022
0.19982068    0.2409191
0.20440479    0.24304879
0.20099805    0.24340144
0.20186451    0.24095464
0.20361342    0.23628357
0.20885868    0.23234785
0.20322809    0.2340837
0.20528588    0.23640163
0.19852915    0.23522426
0.19519664    0.23396009
0.1948577    0.23627314
0.1930008    0.23377538
0.19238979    0.23584406
0.19449475    0.23265219
0.19712001    0.23447067
0.19425192    0.2362369
0.19201736    0.23539972
0.19659749    0.23971048
0.19361511    0.23336756
0.19036274    0.24011779
0.19327499    0.23704195
0.1995584    0.23650226
0.19436625    0.24352121
0.20006776    0.24184464
0.20761922    0.2421043
0.20578073    0.23269504
0.19464193    0.23499502
0.19216001    0.23783284
0.1921336    0.23491433
0.1912144    0.23812011
0.1908474    0.24010195
0.19594264    0.24260241
0.18861508    0.23226172
0.1897173    0.23370314
0.19051465    0.23674557
0.18774699    0.24062663
0.18830381    0.23591584
0.18809536    0.24315667
0.18917833    0.23549888
0.18725203    0.23375222
0.18761486    0.23808026
0.18427883    0.23829952
0.18515992    0.24023162
0.18292594    0.23337999
0.1894613    0.24213499
0.1871966    0.24296722
0.18971373    0.24237409
0.19452995    0.23869406
0.19506766    0.23830876
0.20226477    0.24494365
0.19289093    0.23490873
0.18497744    0.23758635
0.18529922    0.23451184
0.1861873    0.23926404
0.18320274    0.2363421
0.18122019    0.23113537
0.17862102    0.23346035
0.17387715    0.23480594
0.17221804    0.23772103
0.17134053    0.23802963
0.1732424    0.23205224
0.17022705    0.23600084
0.15795463    0.23392025
0.15414861    0.23439251
0.15182978    0.23426163
0.15015681    0.23407167
0.14883311    0.2339684
0.1476392    0.23379043
0.14661747    0.23369229
0.14569284    0.23364751
0.14483866    0.23366782
0.14402975    0.23360622
0.14324388    0.23363376
0.14249396    0.23364113
0.14179026    0.23374191
0.14110447    0.23379558
0.14045514    0.23387733
0.13983896    0.23408276
0.13924472    0.23424459
0.1386523    0.23430958
0.13807945    0.23450854
0.13750063    0.23468272
0.13695844    0.23490556
0.13641065    0.23506135
0.13586886    0.23523289
0.13536017    0.23533209
0.13483486    0.23547396
0.13434291    0.23553702
0.1338222    0.2357593
0.13333642    0.23591308
0.13283798    0.2361123
0.13235801    0.23620313
0.1318579    0.23641784
0.1313751    0.23646536
0.13087648    0.2367034
0.1304064    0.23679656
0.1299159    0.23693515
0.12944672    0.23691845
0.12897824    0.23707548
0.12852873    0.2371523
0.12807138    0.23724465
0.12761396    0.2373657
0.12715076    0.23743337
0.12668027    0.23754504
0.12621668    0.23778251
0.12576678    0.23784293
0.12531225    0.23790751
0.12489633    0.23792118
0.124468535    0.23794341
0.124028936    0.23840153
0.12364267    0.23812045
0.123307824    0.2386623
0.12295582    0.23827153
0.122643694    0.23899317
0.12226009    0.23830773
0.12197484    0.23932305
0.12151237    0.2385149
0.12120279    0.23954952
0.12068234    0.23870677
0.12042184    0.23982224
0.11988118    0.23883775
0.11962384    0.23969157
0.119054876    0.23893425
0.11881158    0.24001913
0.11824344    0.23932031
0.11798605    0.23990798
0.11756615    0.23972182
0.11722252    0.24002588
0.116801135    0.23985496
0.116548166    0.23977408
0.11624183    0.23978147
0.11616764    0.24020989
0.11625265    0.23959234
0.11615745    0.23999304
0.11629702    0.23970452
0.11665512    0.24087572
0.117093116    0.24036366
0.1170563    0.23990284
0.11737265    0.23998992
0.116953194    0.24107412
0.11629087    0.23961267
0.11613602    0.24075484
0.11444933    0.24054375
0.11309774    0.24056964
0.11265242    0.24080117
0.11210713    0.24138105
0.111785    0.24080043
0.111861035    0.24140406
0.11124317    0.24173579
0.11103011    0.24121477
0.111407034    0.24132839
0.11140485    0.24257047
0.11125336    0.2408674
0.111398965    0.24136868
0.1113611    0.24224962
0.11149592    0.24219641
0.11102458    0.24106807
0.110991344    0.24168512
0.11093502    0.2414695
0.10947956    0.2416965
0.10927975    0.24196172
0.10963932    0.2422628
0.109585315    0.24326363
0.10724181    0.24325484
0.10647576    0.24317572
0.10604585    0.243178
0.105747476    0.24317934
0.105508156    0.24318635
0.10531451    0.2431913
0.10515324    0.24320155
0.10501193    0.24320114
0.1048834    0.24321124
0.104769185    0.2432114
0.10466511    0.24322289
0.10456741    0.24322766
0.104476005    0.24323338
0.10439024    0.24324796
0.10430883    0.24325293
0.10423174    0.24326876
0.10415655    0.24329144
0.104082234    0.24328429
0.10401123    0.24330124
0.10394253    0.24331048
0.10387812    0.24331996
0.10381217    0.24333075
0.1037489    0.2433411
0.10368768    0.24334809
0.10362678    0.24337316
0.1035674    0.24337438
0.10350687    0.24337915
0.103449464    0.24340281
0.103391044    0.24340996
0.10333498    0.24343553
0.103279494    0.24344194
0.10322443    0.24346629
0.10316694    0.24347991
0.10311209    0.24348004
0.10305622    0.2435085
0.10300468    0.24351823
0.10294954    0.24353653
0.10289719    0.24355529
0.10284172    0.243572
0.102789335    0.24358493
0.10273865    0.24360213
0.10268414    0.24362628
0.10263376    0.24363591
0.102579795    0.24365543
0.102530085    0.24367544
0.10247702    0.24367934
0.10242746    0.24370219
0.10237488    0.24371545
0.10232653    0.24373132
0.10227063    0.24375194
0.102221414    0.24377176
0.102171704    0.24379338
0.10212048    0.24381486
0.10206886    0.24384665
0.10201728    0.24384412
0.1019664    0.24386546
0.10191643    0.24391189
0.10186413    0.24391212
0.10181252    0.24393998
0.10176373    0.24394014
0.10171536    0.24396937
0.10166181    0.24399728
0.10161229    0.24399969
0.10155959    0.24402285
0.10151022    0.2440458
0.10146081    0.24405819
0.10141044    0.24406648
0.10136097    0.24407928
0.10131061    0.244109
0.10125765    0.24410585
0.1012104    0.24413648
0.10116113    0.24414632
0.10111001    0.24416661
0.10106115    0.24419619
0.101011395    0.24420373
0.100961916    0.24422345
0.1009106    0.24425068
0.10086311    0.24427244
0.100808874    0.24427187
0.100760855    0.24429163
0.10070969    0.24431196
0.10066047    0.24433766
0.10060873    0.24435034
0.100560136    0.2443552
0.10050995    0.24436954
0.100461155    0.24438378
0.10041096    0.24439967
0.10035893    0.24440977
0.100311026    0.24442586
0.1002619    0.24442998
0.100209065    0.24445629
0.10016276    0.24446052
0.100113064    0.2444802
0.1000623    0.24447466
0.10001244    0.2444798
0.09996467    0.24449922
0.09991545    0.24451652
0.099866524    0.2445159
0.09981657    0.24455953
0.09977012    0.24455076
0.099524744    0.24450359
0.09948314    0.24448675
0.09946841    0.24447805
0.09945681    0.24447131
0.099447176    0.24446513
0.09943834    0.24446112
0.09943016    0.2444571
0.099422336    0.24445601
0.09941488    0.24445513
0.09940768    0.24445467
0.099400565    0.2444548
0.09939385    0.24445383
0.09938702    0.24445383
0.09938042    0.24445309
0.09937385    0.24445337
0.09936774    0.24445489
0.0993613    0.24445438
0.09935512    0.24445567
0.099349074    0.24445567
0.0993428    0.24445719
0.09933673    0.24445774
0.09933083    0.24445885
0.099324904    0.24445966
0.09931896    0.24446222
0.09931316    0.24446005
0.09930707    0.24446191
0.09930147    0.24446371
0.09929544    0.24446574
0.09928983    0.24446705
0.09928394    0.24446627
0.09927809    0.24446806
0.09927242    0.24447
0.09926678    0.24446927
0.09926096    0.24447308
0.099255465    0.24447143
0.09924961    0.24447408
0.099243924    0.24447784
0.09923826    0.24447781
0.0992327    0.24447763
0.09922702    0.24448036
0.099221684    0.24448287
0.099215604    0.2444852
0.09921034    0.24448398
0.099204846    0.2444875
0.09919924    0.24448769
0.09919369    0.24448879
0.09918803    0.24449044
0.099182434    0.24449325
0.099177055    0.24449328
0.09917144    0.24449581
0.099166214    0.2444992
0.09916046    0.24449891
0.0991551    0.24450204
0.09914968    0.2445027
0.09914415    0.24450512
0.09913862    0.24450594
0.09913331    0.24450701
0.099127576    0.24450919
0.09912227    0.24451008
0.09911673    0.24451469
0.09911135    0.24451704
0.09910599    0.2445182
0.09910058    0.24452014
0.09909508    0.24452013
0.09908973    0.24452019
0.09908453    0.24452382
0.09907895    0.24452645
0.09907349    0.24452579
0.09906794    0.24452962
0.09906259    0.24453247
0.09905735    0.2445344
0.09905203    0.24453667
0.099046685    0.24453756
0.09904142    0.24453929
0.0990359    0.24454126
0.09903072    0.24454348
0.09902533    0.24454501
0.09901995    0.24454463
0.09901464    0.24454796
0.09900917    0.2445482
0.09900404    0.24455047
0.09899898    0.24455479
0.09899353    0.24455711
0.09898834    0.2445581
0.09898316    0.24455985
0.098977685    0.24456203
0.0989722    0.244562
0.09896675    0.24456628
0.0989617    0.2445669
0.09895643    0.24456891
0.09895118    0.24456891
0.098946095    0.24457347
0.098940976    0.24457723
0.098935835    0.24457553
0.098930635    0.24458036
0.09892514    0.24458115
0.098919794    0.24458124
0.09891443    0.24458253
0.09890921    0.24458653
0.098903835    0.24458674
0.09889876    0.24459034
0.09886748    0.24458838
0.09886638    0.24458659
0.09886546    0.2445854
0.09886471    0.24458452
0.09886401    0.24458401
0.098863356    0.24458343
0.09886273    0.2445832
0.098862104    0.24458283
0.09886154    0.24458277
0.098860934    0.24458247
0.09886036    0.2445824
0.09885978    0.24458236
0.09885923    0.24458247
0.098858654    0.24458247
0.09885809    0.2445826
0.09885751    0.24458262
0.098856956    0.24458261
0.09885643    0.24458277
0.09885582    0.24458265
0.09885532    0.24458289
0.09885479    0.24458301
0.09885424    0.24458316
0.098853655    0.2445831
0.09885314    0.24458322
0.09885257    0.2445834
0.09885205    0.24458355
0.09885149    0.2445836
0.09885096    0.24458379
0.09885043    0.24458382
0.098849945    0.2445842
0.09884936    0.24458396
0.09884881    0.24458447
0.098848335    0.2445845
0.09884775    0.24458456
0.09884726    0.2445848
0.09884672    0.24458495
0.09884617    0.24458495
0.09884564    0.24458517
0.09884508    0.24458528
0.09884457    0.24458563
0.09884405    0.24458566
0.09884352    0.24458574
0.09884298    0.24458587
0.09884245    0.24458604
0.09884192    0.24458613
0.09884139    0.24458644
0.09884085    0.24458641
0.09884034    0.24458656
0.09883981    0.2445868
0.098839276    0.24458688
0.098838754    0.24458715
0.09883823    0.24458724
0.09883767    0.24458739
0.09883717    0.2445876
0.098836616    0.24458766
0.09883608    0.24458796
0.09883559    0.2445881
0.09883502    0.24458814
0.09883451    0.24458832
0.09883404    0.2445882
0.09883348    0.2445885
0.098832965    0.24458897
0.0988324    0.24458905
0.098831885    0.24458893
0.09883133    0.24458906
0.09883082    0.2445895
0.09883035    0.24458967
0.09882979    0.24458954
0.0988293    0.24459
0.09882875    0.24458975
0.09882822    0.24459037
0.09882771    0.24459043
0.09882715    0.24459043
0.09882664    0.24459063
0.09882613    0.2445906
0.09882561    0.24459101
0.0988251    0.24459147
0.098824576    0.2445912
0.098824    0.24459168
0.09882348    0.24459176
0.098822966    0.24459198
0.09882246    0.24459204
0.098821916    0.24459204
0.09882144    0.24459237
0.09882091    0.24459252
0.09882039    0.24459292
0.098819815    0.24459293
0.098819286    0.24459296
0.09881877    0.24459329
0.09881826    0.24459319
0.09881774    0.2445936
0.09881725    0.24459365
0.09881677    0.24459393
0.09881622    0.24459398
0.098815665    0.24459428
0.09881516    0.24459466
0.098814584    0.24459457
0.098814085    0.2445947
0.09881354    0.24459493
0.098813064    0.24459493
0.09881257    0.24459523
0.098809324    0.24459514
0.09880927    0.24459505
0.09880921    0.24459498
0.09880914    0.24459495
0.098809086    0.24459493
0.09880902    0.24459489
0.09880896    0.24459487
0.09880889    0.24459489
0.09880885    0.24459484
0.098808795    0.24459484
0.09880874    0.24459486
0.0988087    0.24459483
0.09880863    0.24459481
0.098808564    0.24459484
0.09880852    0.24459484
0.09880848    0.24459484
0.09880842    0.24459486
0.09880837    0.24459486
0.09880832    0.2445949
0.09880828    0.24459489
0.098808244    0.2445949
0.098808184    0.24459492
0.09880812    0.24459493
0.098808065    0.24459493
0.09880802    0.24459496
0.09880797    0.24459496
0.098807916    0.24459496
0.098807864    0.24459499
0.09880782    0.24459499
0.09880777    0.24459499
0.098807715    0.24459505
0.09880768    0.24459504
0.09880764    0.24459505
0.09880759    0.24459507
0.09880751    0.24459508
