2.0650847    1.1648943
1.1025407    1.0988852
1.0793821    1.1021401
1.0567611    1.0630805
1.0300405    1.0288999
1.0255235    1.0205269
1.0185705    1.0135607
1.0026352    0.9962373
0.9955199    1.0022672
0.9883756    0.97698987
0.9844207    0.9853761
0.97577167    0.9694178
0.9605978    1.016111
0.95977247    0.95459676
0.9488638    0.97856283
0.9303454    0.96600246
0.91387933    0.99108905
0.9251876    0.9475801
0.912706    0.93231297
0.8653014    0.9463524
0.85320044    0.9427579
0.8129041    0.9415582
0.7998866    0.93800336
0.7914903    0.9351294
0.8464798    0.9032633
0.83447814    0.9133129
0.7981871    0.8822049
0.76980364    0.86817527
0.73568267    0.90707135
0.694958    0.8960678
0.6893071    0.91691804
0.6935005    0.90482324
0.69863266    0.9301316
0.6626765    0.8802859
0.67706966    0.87250054
0.65757895    0.907956
0.63951415    0.8970319
0.6389002    0.85773075
0.6299307    0.88898903
0.61576897    0.8613234
0.5991724    0.85517526
0.5955018    0.9229408
0.599217    0.86480933
0.5899594    0.9097372
0.57238847    0.9094486
0.57002753    0.84960145
0.5647492    0.88931626
0.5511946    0.8584198
0.5408423    0.8869349
0.5301665    0.8678607
0.5145228    0.8430385
0.51816523    0.87463444
0.51043653    0.85624814
0.5099262    0.8509268
0.49312794    0.8911878
0.49546772    0.8530338
0.49778917    0.8969904
0.4946624    0.8762443
0.49654126    0.86152047
0.4920253    0.83717835
0.49088678    0.8562994
0.47746438    0.84489703
0.46787524    0.9137813
0.47627532    0.88418865
0.49526563    0.88414985
0.47350863    0.86277395
0.45136067    0.8992029
0.44777763    0.89016265
0.44276085    0.89643425
0.44521195    0.8860851
0.44683203    0.9210052
0.43282777    0.853043
0.42348915    0.84594953
0.42746052    0.8670079
0.44805416    0.9219036
0.41813868    0.8902928
0.41180933    0.9176913
0.43664414    0.87113196
0.43785605    0.9056805
0.41301498    0.92229635
0.40898973    0.93926233
0.38732642    0.9282975
0.39018503    0.8807039
0.38137448    0.960053
0.38044697    0.9765949
0.38772935    0.9242492
0.3936438    0.961412
0.37879726    0.9791574
0.381373    0.9928922
0.38154098    0.95413876
0.3712182    0.9229736
0.380988    0.988672
0.39792234    1.053773
0.41715294    0.9046246
0.3922288    0.93071485
0.37133008    0.9683404
0.3571457    0.98294777
0.34336254    0.9411134
0.33823723    0.96156836
0.344574    0.9669192
0.336316    0.96138734
0.34938976    0.99155205
0.33790395    1.0080712
0.33792236    0.9691036
0.351971    0.93300885
0.38119537    0.8484838
0.35247204    0.9058581
0.3508224    0.94659877
0.32790205    0.96868366
0.31682193    0.9724556
0.31657603    1.0062565
0.3078708    0.95454353
0.30369207    0.9818208
0.30979487    0.96001816
0.32380354    0.9205354
0.3126807    0.9311469
0.30048987    0.9469265
0.3176544    0.95913696
0.30130076    0.89744914
0.28858992    0.9445933
0.30696374    0.9408364
0.3283654    0.9412696
0.3092874    0.9529611
0.3406159    0.99312174
0.3678816    0.91938674
0.353568    0.9258273
0.3091822    0.91353273
0.29934672    0.9604859
0.30245727    0.9182102
0.29797035    0.93171525
0.29647538    0.9107684
0.3053326    0.91813654
0.28439078    0.8705556
0.29156882    0.89069706
0.29587808    0.92916137
0.28721258    0.94001794
0.2862031    0.91912323
0.289954    0.9594457
0.29243788    0.90883625
0.2844724    0.93899655
0.28136745    0.92052835
0.27241784    0.92982996
0.2723413    0.98267853
0.26565638    0.9381916
0.28987023    0.97777903
0.27701676    0.9696978
0.30569315    0.99676037
0.3181551    0.97556984
0.3145676    0.91117936
0.34357914    0.98620623
0.31172442    0.9012381
0.28048298    0.95289636
0.27700105    0.9045806
0.27772933    0.93424857
0.26527366    0.9165042
0.26298454    0.8895249
0.25266716    0.91046304
0.23874459    0.90195507
0.23109786    0.9054317
0.2309362    0.89415085
0.23564589    0.89506227
0.2340013    0.88394463
0.19473061    0.87319076
0.18205895    0.8739503
0.17461868    0.8742235
0.16938946    0.8724043
0.16535112    0.871884
0.1618233    0.8711781
0.15884213    0.8700629
0.15618666    0.8696346
0.15376812    0.8692302
0.15153952    0.869076
0.14943264    0.86855865
0.14744    0.868746
0.1455854    0.8688231
0.1438185    0.8687387
0.1421377    0.8684424
0.140539    0.8690282
0.13900703    0.8691518
0.13750786    0.8698599
0.13607505    0.8705096
0.13463467    0.8708266
0.13327348    0.87170213
0.13193475    0.8724767
0.13065626    0.8730624
0.12939847    0.8733805
0.12816963    0.8738033
0.12697646    0.87469983
0.12574363    0.8757526
0.12461261    0.87602943
0.123424925    0.87740195
0.12230333    0.8777826
0.12116897    0.87915397
0.12005475    0.8791014
0.11891487    0.8809297
0.117844105    0.88107514
0.11676768    0.8815879
0.115698546    0.8812475
0.11465183    0.8815509
0.11364031    0.8824509
0.11261252    0.8813951
0.111609705    0.88234776
0.11060925    0.883198
0.109566435    0.88287264
0.10859021    0.8846973
0.10758722    0.8841915
0.106655315    0.88543636
0.10571738    0.8809863
0.10482246    0.88162994
0.10385333    0.88627917
0.10303987    0.88163847
0.10221918    0.8863783
0.10153279    0.8843231
0.10074262    0.8858272
0.10002186    0.8833414
0.09925132    0.8868274
0.098462865    0.886062
0.09763471    0.8883087
0.096736886    0.8865185
0.09594051    0.8884043
0.09510239    0.88555497
0.09432293    0.8838212
0.09345393    0.884789
0.092708685    0.88775826
0.09190127    0.88827866
0.09108754    0.8851858
0.090508215    0.8904259
0.08965288    0.889253
0.08908902    0.89140075
0.08835483    0.8893664
0.087998636    0.88613033
0.087756    0.8939327
0.088100374    0.894119
0.08775486    0.8945008
0.088478506    0.88348466
0.089489214    0.8938783
0.09073125    0.9035773
0.090149276    0.88912356
0.09126048    0.8867327
0.09052178    0.9046867
0.08888769    0.8891824
0.08788113    0.8907482
0.08516094    0.8996723
0.08247402    0.89385915
0.08155646    0.89210707
0.08054733    0.9046452
0.0800094    0.8954097
0.079860665    0.8996789
0.07907635    0.90754986
0.07853281    0.8993962
0.07923028    0.89339364
0.07913814    0.91070265
0.079087846    0.89626956
0.07919539    0.8938084
0.07950117    0.90262264
0.08011298    0.90869516
0.07883381    0.89131975
0.078740746    0.89274526
0.079318844    0.8987525
0.07628893    0.89769715
0.07579015    0.896521
0.07681895    0.90224934
0.0767928    0.9061655
0.07291193    0.9058377
0.07150582    0.9053273
0.07078032    0.9054394
0.07029214    0.9055981
0.06991465    0.905803
0.069611534    0.9059414
0.06935973    0.9061656
0.069139175    0.90633035
0.06894161    0.90653086
0.0687643    0.9067194
0.068602815    0.9068111
0.06845167    0.90693116
0.06831111    0.9069708
0.06817885    0.9070909
0.0680532    0.9071544
0.06793483    0.90729225
0.06781752    0.9074426
0.06770407    0.90750045
0.067594446    0.9075937
0.06748972    0.9077368
0.067389734    0.907832
0.06728707    0.90787846
0.067190155    0.90809
0.06709622    0.9081409
0.06700245    0.9083042
0.066910334    0.90834725
0.06681885    0.9084552
0.06672974    0.9086372
0.06664237    0.90876645
0.06655529    0.9089205
0.066470556    0.90898144
0.06638649    0.9091399
0.066300355    0.909272
0.06621552    0.9093125
0.06613232    0.90943605
0.066049926    0.909556
0.065967984    0.90962154
0.065885544    0.90979123
0.06580165    0.9098764
0.06572139    0.91000235
0.06564231    0.9101599
0.06556072    0.9101445
0.06548358    0.9103316
0.06540176    0.91047674
0.06532444    0.9106419
0.06524391    0.91069216
0.065166235    0.91083276
0.06508784    0.9109417
0.06501116    0.9110883
0.064930655    0.9112702
0.06485315    0.9114491
0.06477696    0.91155785
0.064699054    0.9117204
0.06461941    0.9119127
0.06454163    0.91202235
0.06446522    0.9120836
0.06438699    0.9123308
0.06430803    0.91241693
0.06422888    0.9125689
0.06415453    0.9126579
0.06407785    0.91273713
0.06399853    0.91299075
0.063921936    0.9129725
0.06384431    0.9131601
0.06376642    0.9132839
0.06369101    0.91340303
0.063614525    0.9133472
0.06353759    0.91345245
0.06346101    0.91379684
0.06338469    0.91371286
0.06330923    0.91380835
0.06323361    0.91399103
0.0631576    0.9139631
0.063082546    0.91430825
0.06300596    0.9143565
0.06293298    0.91451347
0.06285522    0.91468173
0.0627826    0.9148712
0.0627037    0.9150029
0.06263013    0.91516525
0.06255419    0.91527903
0.06247938    0.91550004
0.06240129    0.91559285
0.062329616    0.9156424
0.06225454    0.91568875
0.06217979    0.9159188
0.062103644    0.9161266
0.06202807    0.91614366
0.061955236    0.9162484
0.061880954    0.9163902
0.061805826    0.9165585
0.061732292    0.9166638
0.061659828    0.9167353
0.06158423    0.91683984
0.061512347    0.9168843
0.061438683    0.91707474
0.061367195    0.91712904
0.06129319    0.91717845
0.061219607    0.9174803
0.06114764    0.9174106
0.060838133    0.9172471
0.06078311    0.91727954
0.060763612    0.91729784
0.06074752    0.9172969
0.06073373    0.9172836
0.060720973    0.9172701
0.060709134    0.917271
0.06069769    0.91727906
0.060686927    0.9172738
0.06067627    0.9172867
0.06066616    0.9172886
0.06065627    0.9173032
0.06064632    0.9173042
0.060636725    0.9173129
0.060627196    0.9173195
0.060617924    0.9173386
0.060608823    0.91734
0.060599618    0.9173461
0.06059054    0.9173758
0.06058175    0.91737664
0.060572647    0.91739774
0.06056395    0.9174037
0.06055517    0.91741425
0.06054644    0.91743445
0.06053782    0.91743374
0.060528968    0.91745764
0.060520574    0.9174794
0.06051196    0.91748756
0.06050343    0.9175055
0.060494933    0.91750675
0.06048635    0.9175314
0.060477994    0.9175539
0.060469586    0.9175577
0.060461234    0.9175864
0.060453024    0.9175829
0.06044463    0.91761005
0.0604363    0.917639
0.06042784    0.91764474
0.060419735    0.9176703
0.06041158    0.91768485
0.060403235    0.9177071
0.060394805    0.9177219
0.060386844    0.9177368
0.060378727    0.91775775
0.060370535    0.9177541
0.060362324    0.9177812
0.060354095    0.917804
0.060346015    0.9178306
0.060337916    0.9178381
0.060329802    0.91786116
0.06032174    0.91788507
0.060313564    0.91787523
0.06030551    0.91791844
0.060297523    0.9179221
0.06028946    0.91794723
0.060281415    0.9179503
0.06027335    0.91797304
0.06026527    0.9179748
0.06025712    0.9180086
0.060249303    0.9180263
0.06024136    0.9180436
0.060233295    0.91807324
0.060225423    0.9180762
0.060217194    0.91808516
0.06020945    0.9181027
0.06020153    0.9181349
0.060193606    0.9181441
0.060185596    0.91815555
0.060177427    0.91818225
0.060169537    0.9182114
0.06016183    0.9182288
0.060153857    0.9182509
0.060145956    0.9182527
0.06013814    0.9182848
0.060130216    0.9183117
0.060122453    0.9183422
0.06011447    0.9183433
0.06010668    0.9183555
0.060098745    0.9183827
0.060090885    0.9183885
0.06008305    0.9183994
0.060075607    0.91842425
0.060067657    0.9184594
0.060059834    0.918487
0.060051985    0.9184984
0.060044166    0.91851795
0.06003632    0.91853666
0.060028505    0.918562
0.0600206    0.9185698
0.060012992    0.9185883
0.060005292    0.91858447
0.05999758    0.9186208
0.059989825    0.9186512
0.05998234    0.9186489
0.059974384    0.91869134
0.059966687    0.91869414
0.059958756    0.9187034
0.059951104    0.9187208
0.059943378    0.9187436
0.05993571    0.9187545
0.05992822    0.91878307
0.059888534    0.91876495
0.059886947    0.9187512
0.059885688    0.9187429
0.059884597    0.91873753
0.05988356    0.918735
0.059882604    0.9187322
0.059881683    0.91873133
0.059880767    0.9187294
0.059879884    0.9187286
0.059879012    0.91872907
0.05987816    0.9187286
0.059877284    0.9187298
0.05987643    0.91873103
0.05987561    0.9187313
0.059874788    0.9187334
0.059873953    0.9187337
0.059873104    0.91873366
0.059872303    0.9187357
0.059871472    0.91873574
0.05987067    0.9187381
0.059869852    0.9187391
0.059869055    0.9187411
0.059868235    0.91874033
0.05986746    0.91874146
0.05986663    0.9187436
0.05986583    0.9187443
0.05986503    0.91874546
0.059864223    0.9187468
0.05986344    0.9187479
0.059862636    0.91874975
0.05986184    0.91874933
0.05986105    0.91875154
0.05986028    0.91875464
0.059859466    0.91875476
0.059858687    0.9187576
0.059857897    0.9187578
0.059857126    0.91875887
0.059856303    0.9187607
0.059855524    0.9187623
0.05985473    0.9187646
0.059853952    0.91876596
0.059853192    0.9187665
0.0598524    0.91876906
0.059851594    0.91876924
0.05985084    0.91877174
0.059850045    0.918773
0.05984925    0.91877395
0.059848472    0.9187764
0.059847705    0.9187794
0.059846945    0.91877794
0.05984616    0.9187811
0.059845358    0.9187808
0.05984456    0.91878396
0.0598438    0.91878515
0.05984304    0.91878617
0.059842248    0.9187891
0.05984147    0.91879046
0.059840694    0.9187913
0.059839897    0.9187934
0.05983917    0.9187947
0.059838336    0.9187962
0.059837583    0.91879857
0.059836812    0.9187999
0.059836026    0.9188006
0.059835248    0.91880333
0.059834454    0.9188063
0.059833724    0.91880655
0.059832912    0.9188068
0.05983218    0.9188086
0.059831377    0.9188093
0.059830613    0.91881347
0.059829816    0.91881263
0.059829045    0.9188149
0.05982828    0.91881627
0.059827514    0.9188165
0.059826728    0.9188199
0.059825975    0.91882145
0.059825208    0.9188215
0.059824403    0.91882443
0.059823614    0.9188262
0.059822846    0.91882783
0.059822097    0.91882914
0.059821326    0.9188284
0.05982055    0.91883
0.059819784    0.9188327
0.059819017    0.9188344
0.059818234    0.91883785
0.059817463    0.9188371
0.05981669    0.9188388
0.059815925    0.918839
0.059815127    0.9188431
0.05981438    0.9188425
0.059813637    0.91884494
0.05981287    0.9188464
0.05981209    0.9188476
0.059811287    0.9188512
0.059810497    0.91885144
0.05980976    0.9188523
0.059808973    0.91885424
0.059808206    0.9188546
0.059807464    0.9188563
0.05980345    0.9188559
0.059803326    0.9188549
0.059803225    0.91885453
0.05980311    0.91885424
0.05980303    0.9188541
0.05980295    0.91885394
0.05980286    0.9188538
0.059802767    0.9188538
0.059802685    0.91885364
0.0598026    0.9188536
0.05980252    0.91885346
0.059802443    0.9188536
0.059802357    0.9188537
0.05980228    0.91885334
0.059802208    0.91885334
0.059802122    0.9188534
0.059802055    0.91885364
0.05980199    0.91885376
0.059801903    0.918854
0.05980182    0.91885364
0.05980174    0.91885406
0.059801668    0.9188538
0.0598016    0.918854
0.059801515    0.9188541
0.05980144    0.9188541
0.059801374    0.9188542
0.0598013    0.918854
0.05980123    0.9188542
0.059801143    0.91885436
0.05980107    0.9188546
0.059800997    0.91885453
0.05980093    0.9188547
0.05980083    0.9188549
0.059800774    0.91885465
0.0598007    0.9188549
