0.38853997    0.27378994
0.3529392    0.2750904
0.3373136    0.2674972
0.33842272    0.2751839
0.3320429    0.26065934
0.3322784    0.2618386
0.32906434    0.26221943
0.32644576    0.25949824
0.3271798    0.25889802
0.32648477    0.26455998
0.32051438    0.26656282
0.31738165    0.26889318
0.32055706    0.25886515
0.32335377    0.26041383
0.3227596    0.2583269
0.32100707    0.26167676
0.31800106    0.26247
0.3162827    0.2493164
0.3179381    0.25486475
0.3114588    0.26503614
0.3109645    0.26576486
0.30710834    0.27026874
0.30554724    0.26499546
0.3034281    0.2642758
0.30198216    0.2662761
0.29895723    0.26380137
0.29891172    0.25650063
0.29643688    0.2569785
0.29424262    0.25666764
0.2929957    0.25277758
0.29635397    0.26171318
0.29576513    0.25453892
0.29529327    0.25514826
0.29247952    0.2557311
0.29075706    0.2512958
0.28965747    0.25254312
0.29226997    0.25615084
0.29043284    0.25478327
0.28747317    0.25363255
0.28855845    0.2556972
0.28594282    0.2628647
0.28535205    0.25880474
0.28446868    0.25925726
0.28257737    0.26434353
0.27973878    0.25874737
0.28170803    0.26009628
0.28059787    0.25561756
0.28063396    0.2495274
0.27826053    0.266807
0.2735233    0.25970298
0.274107    0.2649852
0.2719792    0.2586819
0.27086186    0.26089168
0.26865038    0.26048175
0.26926506    0.26004618
0.26815748    0.2571542
0.2674132    0.26254144
0.26758704    0.26108286
0.26776952    0.26254493
0.2654688    0.25428948
0.26665947    0.2545557
0.26598248    0.25173518
0.26340348    0.2509764
0.26276758    0.25469142
0.2603896    0.25679037
0.2605743    0.2596443
0.26134935    0.25851077
0.26101524    0.252699
0.25964502    0.25628152
0.25967658    0.25763384
0.258097    0.25497597
0.25760758    0.25537068
0.25690332    0.25206184
0.25750855    0.25442314
0.2555734    0.25639474
0.25487405    0.25285786
0.25446558    0.2529431
0.25340408    0.2529499
0.2516132    0.2560412
0.25106212    0.25185454
0.25048077    0.2551817
0.25001574    0.25369945
0.24938549    0.25648218
0.2508263    0.25860813
0.25117958    0.25184897
0.25075734    0.2512777
0.24981041    0.247872
0.25023142    0.25391364
0.25132075    0.24704012
0.2507935    0.24422035
0.24760614    0.2496618
0.2459883    0.2500529
0.2449525    0.2474665
0.24555734    0.24907604
0.24309717    0.24681213
0.24196851    0.24905214
0.24045444    0.24935985
0.23977883    0.2501733
0.24350592    0.24943626
0.24520618    0.25146237
0.24979044    0.24940339
0.24762283    0.2474232
0.24835752    0.24781579
0.24639708    0.24842355
0.24811749    0.24795637
0.24564154    0.2446706
0.24724971    0.24549893
0.24250527    0.24184403
0.24155721    0.24525851
0.24049969    0.24593568
0.23938575    0.24563341
0.23883766    0.24696818
0.2369314    0.24829751
0.2356458    0.24974836
0.23708203    0.2454144
0.23663118    0.24446566
0.23755512    0.2559708
0.2363961    0.24392231
0.23534222    0.24846172
0.2371783    0.24176729
0.23596087    0.25450182
0.23569688    0.24638098
0.23506798    0.250086
0.23543648    0.24776971
0.23545824    0.24572885
0.23454371    0.24740872
0.23716918    0.24804948
0.24103615    0.2479079
0.2525254    0.25533724
0.260734    0.2486455
0.2506628    0.2527199
0.2436192    0.2541035
0.23730433    0.25519386
0.23958609    0.2508642
0.23364094    0.25633523
0.2329322    0.25520837
0.2330269    0.2509853
0.2284991    0.2557599
0.22859876    0.25156552
0.2304526    0.25241894
0.2267918    0.24827573
0.2272963    0.25312153
0.22531383    0.25163528
0.22648495    0.25149605
0.22466645    0.25115412
0.22494428    0.24847457
0.22546397    0.24782017
0.2243276    0.2492477
0.22277096    0.25236124
0.22289903    0.24962546
0.22380984    0.25434887
0.22302231    0.250635
0.22180492    0.25140002
0.2258123    0.2560221
0.22546516    0.25634778
0.22717863    0.25182414
0.22852829    0.25483257
0.22810458    0.25300103
0.22787331    0.2534507
0.22723538    0.24908018
0.2265006    0.25126493
0.22537872    0.24925289
0.22399181    0.2531802
0.22306603    0.25134277
0.22119617    0.2518476
0.22270952    0.24990866
0.22199851    0.24968085
0.2220464    0.25014302
0.22360395    0.2479707
0.22042188    0.25089324
0.21978392    0.25254112
0.22203195    0.24983965
0.22884168    0.26179552
0.22657345    0.25156948
0.22259262    0.25016218
0.21957608    0.25239772
0.22073434    0.252848
0.21901834    0.25265515
0.2294132    0.2556361
0.22432192    0.2569539
0.22324333    0.25284952
0.22043741    0.24903905
0.22031555    0.2536726
0.21652754    0.25395742
0.2162617    0.25354263
0.21281032    0.25509417
0.21323831    0.25302526
0.21226595    0.25493693
0.21498975    0.25928873
0.21289621    0.2519392
0.21407962    0.25212944
0.21359323    0.25154477
0.21359156    0.25528553
0.21321909    0.25567877
0.21354133    0.25458887
0.21303242    0.25103685
0.20141792    0.24910167
0.19934088    0.24866007
0.19792336    0.24827598
0.19686869    0.24802676
0.1960261    0.24785611
0.1953224    0.24779746
0.1946949    0.24769324
0.19415253    0.24758834
0.19364792    0.24762972
0.19315268    0.24764578
0.1927169    0.24757905
0.19230816    0.24758327
0.19191867    0.24766111
0.19153802    0.2476667
0.19116782    0.2477232
0.19083782    0.24777868
0.19051406    0.24785396
0.1901862    0.2479249
0.18986389    0.24796742
0.18958901    0.24798702
0.18931524    0.24803035
0.18903337    0.2480155
0.18878701    0.24803285
0.18851681    0.24800625
0.18828668    0.24807164
0.18803804    0.2480774
0.18779343    0.24807715
0.18754528    0.24812582
0.18732804    0.2481519
0.18710758    0.24817723
0.18689707    0.2482059
0.18668546    0.24827074
0.1864933    0.24830258
0.1862819    0.24829409
0.18608429    0.24839234
0.18588673    0.24838828
0.18569069    0.24845818
0.18548493    0.24845347
0.18528071    0.24853675
0.18510316    0.24859063
0.18491319    0.24862742
0.1847122    0.24864443
0.1845122    0.24861658
0.1843333    0.24874091
0.18413538    0.24874157
0.18396227    0.24875888
0.18380216    0.24886581
0.18362986    0.24894166
0.18346155    0.24895248
0.18329526    0.24902838
0.18313925    0.24897501
0.18298166    0.24907169
0.18281792    0.2490532
0.1826362    0.24909541
0.1824623    0.24920641
0.18229042    0.2492338
0.18214637    0.24930388
0.1819982    0.24929951
0.1818456    0.2492663
0.18170263    0.24932903
0.18161447    0.24931891
0.18143488    0.2493445
0.18134104    0.24934699
0.18119821    0.24946865
0.1810218    0.24947381
0.18082128    0.2495968
0.18065663    0.24954702
0.18048981    0.24954605
0.18036309    0.2495605
0.18024212    0.24957922
0.1801183    0.24965167
0.1800166    0.2496587
0.17991512    0.24968894
0.1797503    0.24973369
0.17964704    0.24977478
0.17949973    0.24983667
0.17937809    0.24988182
0.17925099    0.24996617
0.17910194    0.24996608
0.17893681    0.25007394
0.17877442    0.2499492
0.17865448    0.2500834
0.17853436    0.25000808
0.17843759    0.25027102
0.1783151    0.25021055
0.17824063    0.25040522
0.17813021    0.25021738
0.17794861    0.25050536
0.1778945    0.25031453
0.17775984    0.2504816
0.17763798    0.25034857
0.17752455    0.2506504
0.17745203    0.25067225
0.177328    0.2507428
0.17725576    0.25091666
0.17712107    0.2510614
0.17701356    0.25112218
0.17687865    0.25131017
0.17668346    0.25131384
0.17656514    0.25141424
0.17528675    0.25137347
0.1745649    0.2513556
0.1744184    0.25134036
0.17431593    0.25132984
0.17423819    0.25133032
0.17416888    0.25133026
0.17411004    0.25133097
0.17406027    0.2513351
0.1740144    0.25134304
0.17396915    0.25134248
0.17392756    0.25134432
0.17388895    0.2513398
0.17385045    0.25135714
0.17381817    0.25135747
0.17378579    0.25135732
0.17375405    0.25136334
0.17372537    0.25136822
0.17369507    0.25137094
0.17366633    0.25138453
0.17363769    0.25139233
0.17361294    0.25139487
0.17358658    0.25140533
0.17356011    0.251413
0.17353459    0.25141683
0.17351094    0.251429
0.17348737    0.25143185
0.17346415    0.25144157
0.17344151    0.25143892
0.17341948    0.25144833
0.17339781    0.25145006
0.17337643    0.25146046
0.17335442    0.25145718
0.17333256    0.25146306
0.1733117    0.25147352
0.17329143    0.25147754
0.17327113    0.2514854
0.17325187    0.25149304
0.1732315    0.25149786
0.17321198    0.25150162
0.17319262    0.25151175
0.17317356    0.25151408
0.17315544    0.2515275
0.17313753    0.25153014
0.17312029    0.2515389
0.17309959    0.25154266
0.17308266    0.2515552
0.17306334    0.25156045
0.1730444    0.25156593
0.17302425    0.25158158
0.17300865    0.25157827
0.17299052    0.25158268
0.17297372    0.2515875
0.1729562    0.25159776
0.17293932    0.25159624
0.17292187    0.25160536
0.1729044    0.25160277
0.1728881    0.2516152
0.1728713    0.25161672
0.17285329    0.2516209
0.17283706    0.25162235
0.17282088    0.251624
0.17280398    0.2516202
0.17278878    0.25162828
0.17277257    0.25162047
0.17275634    0.25163004
0.17274106    0.2516237
0.17272563    0.25162828
0.17270823    0.25163382
0.17269477    0.2516407
0.17267817    0.251639
0.17266273    0.25164402
0.17264561    0.25164992
0.17263024    0.25165272
0.17261396    0.25164405
0.17259839    0.2516576
0.17258143    0.25166065
0.17256486    0.25166196
0.17254953    0.25166535
0.17253354    0.25167605
0.17251882    0.25167468
0.17250286    0.2516827
0.17248812    0.2516878
0.17247272    0.2516916
0.1724598    0.25170016
0.17244656    0.25170976
0.17243129    0.25170457
0.17241752    0.25171807
0.17240101    0.25171998
0.17238711    0.25172043
0.17237398    0.25172526
0.17235923    0.25173792
0.17234711    0.25173056
0.17233261    0.25173837
0.1723176    0.25173742
0.17230526    0.25174642
0.1722901    0.25174737
0.17227638    0.25174528
0.17226268    0.2517502
0.17224798    0.25175697
0.17223436    0.25176218
0.17221743    0.25175947
0.17202766    0.25176877
0.17201453    0.25177333
0.17200743    0.2517755
0.17200266    0.251777
0.17199889    0.25177848
0.17199583    0.25177887
0.17199287    0.25177988
0.17199013    0.251781
0.17198777    0.25178146
0.17198549    0.25178152
0.17198324    0.25178328
0.1719811    0.25178397
0.17197908    0.25178435
0.17197709    0.25178474
0.1719752    0.25178552
0.17197324    0.2517863
0.1719713    0.2517866
0.1719695    0.25178713
0.17196764    0.2517876
0.17196581    0.25178802
0.171964    0.25178918
0.17196232    0.2517895
0.1719605    0.2517904
0.17195883    0.2517914
0.17195717    0.25179195
0.17195539    0.25179267
0.17195366    0.25179306
0.17195183    0.25179338
0.1719501    0.2517937
0.1719487    0.25179446
0.17194685    0.25179476
0.17194499    0.25179458
0.17194349    0.25179607
0.17194186    0.25179517
0.17194016    0.25179675
0.17193852    0.2517959
0.17193674    0.25179613
0.17193535    0.25179684
0.17193374    0.2517975
0.1719318    0.251797
0.1719303    0.25179756
0.17192884    0.25179768
0.17192711    0.25179827
0.17192537    0.25179887
0.17192404    0.25179967
0.17192234    0.25180024
0.17192076    0.25179943
0.17191932    0.25180018
0.17191757    0.25180113
0.17191601    0.2518021
0.17191431    0.25180256
0.17191291    0.25180233
0.17191136    0.2518036
0.17190969    0.2518049
0.17190833    0.25180483
0.17190668    0.25180548
0.17190507    0.25180566
0.1719037    0.25180587
0.17190191    0.25180542
0.1719004    0.2518068
0.17189883    0.2518075
0.17189755    0.25180733
0.17189601    0.25180802
0.17189445    0.25180858
0.17189287    0.25180802
0.1718915    0.25180864
0.17188977    0.25180936
0.17188837    0.25181106
0.17188686    0.2518101
0.17188542    0.2518115
0.17188415    0.2518126
0.1718823    0.25181192
0.17188081    0.25181252
0.17187928    0.25181264
0.17187777    0.25181404
0.1718763    0.25181404
0.1718748    0.2518155
0.17187333    0.25181532
0.17187177    0.25181526
0.17187062    0.25181633
0.17186895    0.25181717
0.17186747    0.2518168
0.1718659    0.251818
0.17186445    0.25181854
0.17186299    0.25181964
0.17186134    0.2518201
0.1718599    0.2518198
0.17185886    0.2518208
0.1718574    0.251821
0.17185599    0.25182182
0.17185444    0.25182247
0.17185286    0.25182283
0.1718513    0.25182405
0.17184958    0.25182432
0.1718482    0.25182492
0.17184696    0.2518257
0.17184572    0.25182605
0.1718444    0.25182647
0.17184292    0.25182718
0.17184113    0.2518284
0.17183958    0.25182799
0.17181998    0.2518281
0.17181963    0.2518283
0.17181928    0.25182843
0.17181903    0.25182855
0.17181875    0.2518287
0.17181848    0.25182888
0.17181821    0.25182903
0.17181799    0.25182915
0.1718178    0.2518293
0.1718176    0.2518294
0.17181745    0.25182956
0.1718172    0.2518297
0.171817    0.2518298
0.17181684    0.25182992
0.17181669    0.25182998
0.17181651    0.25183004
0.17181629    0.25183022
0.17181619    0.2518303
0.17181598    0.25183034
0.17181584    0.25183052
0.17181568    0.25183064
0.17181548    0.2518307
0.17181534    0.25183076
0.17181516    0.25183085
0.17181501    0.25183094
0.17181486    0.25183094
0.17181471    0.25183105
0.17181453    0.25183117
0.17181437    0.2518313
0.17181423    0.25183132
0.1718141    0.25183144
0.1718139    0.25183144
0.1718138    0.25183153
0.17181358    0.25183165
0.17181346    0.25183177
0.17181331    0.25183177
0.17181315    0.2518319
0.17181295    0.25183195
0.17181283    0.2518321
0.17181265    0.25183207
0.17181252    0.2518322
0.17181237    0.25183222
0.17181224    0.25183237
0.17181203    0.25183246
0.17181192    0.2518324
0.17181173    0.25183263
0.1718116    0.25183257
0.17181143    0.25183266
0.17181131    0.25183272
0.17181118    0.25183272
0.17181098    0.25183284
0.17181085    0.25183284
0.17181069    0.25183293
0.17181054    0.25183305
0.17181042    0.25183302
0.17181024    0.25183302
0.17181006    0.2518332
0.17180991    0.25183323
0.17180979    0.2518332
0.17180958    0.25183335
0.17180948    0.2518334
0.17180929    0.25183344
0.17180918    0.25183344
0.171809    0.2518335
0.17180885    0.25183353
0.1718087    0.25183368
0.17180856    0.25183374
0.1718084    0.25183374
0.17180829    0.25183377
0.1718081    0.25183386
0.17180796    0.25183392
0.17180784    0.25183395
0.17180768    0.25183398
0.17180753    0.2518341
0.17180738    0.25183415
0.17180723    0.25183418
0.17180705    0.25183424
0.17180695    0.2518343
0.1718068    0.25183427
0.17180662    0.25183436
0.17180648    0.2518344
0.17180634    0.2518346
0.17180617    0.25183457
0.17180601    0.2518346
0.1718059    0.25183457
0.17180577    0.25183466
0.17180562    0.25183463
0.17180549    0.2518348
0.17180528    0.25183493
0.17180514    0.25183493
0.17180501    0.25183493
0.17180486    0.25183502
0.17180473    0.2518349
0.17180456    0.25183493
0.17180443    0.25183508
0.17180426    0.25183517
0.17180413    0.25183523
0.17180398    0.2518353
0.17180386    0.25183526
0.17180368    0.25183526
0.17180353    0.25183535
0.17180152    0.25183538
