1.2995054    1.1086435
1.0959466    1.1049123
1.0543951    1.0809406
1.0609325    1.1053594
1.0329994    1.0653418
1.030787    1.067746
1.0170045    1.0579935
1.0100285    1.0483904
1.0050365    1.0430418
1.0095814    1.056982
0.99373645    1.061001
0.98554087    1.0579462
0.9903602    1.0297232
0.98757917    1.0317786
0.9771211    1.0173784
0.97859067    1.0348891
0.9726779    1.0169767
0.97480917    0.99727863
0.9738408    1.007088
0.9450404    1.0201805
0.9422815    1.0103168
0.9290001    1.0272459
0.93021375    1.0225418
0.91672695    1.0088351
0.9068364    1.0067941
0.89457667    1.0222309
0.89335877    1.0022355
0.8822812    0.9849461
0.8733282    0.987036
0.86461985    0.9681395
0.86452246    0.988036
0.87556785    0.9729771
0.8669562    0.97646284
0.8547412    0.9851177
0.83636636    0.9490932
0.83822775    0.9520676
0.8530908    0.9546947
0.8363384    0.94256693
0.8232099    0.9499894
0.8194853    0.95306355
0.8019991    0.9744309
0.8086657    0.9358471
0.80197227    0.94741756
0.7756284    0.9478642
0.76966214    0.9419697
0.77915436    0.94103175
0.7746588    0.93008417
0.76706016    0.9244437
0.7431913    0.9657021
0.7187086    0.9677155
0.72225595    1.0122539
0.7079804    1.0264564
0.69575983    0.98938215
0.6846107    1.0474885
0.6879078    1.0377339
0.6816941    1.0578102
0.6662588    1.0873871
0.67126805    1.0611039
0.6753078    1.0966388
0.66378355    0.9506251
0.66658616    0.9741026
0.6628296    0.931363
0.6529011    0.9336255
0.6472742    0.94965124
0.63584775    1.0287867
0.6376292    1.0221279
0.6320225    0.95428383
0.6318896    0.9263338
0.6249904    0.94319814
0.622747    0.9661703
0.61330783    0.9638927
0.6134516    0.9719906
0.6141428    0.93431574
0.6113218    0.992971
0.60194665    1.0212922
0.5964387    0.93145263
0.59587896    0.93403786
0.58689266    0.95452005
0.5744573    0.94916016
0.56862265    0.93780535
0.56494707    0.96024877
0.55946696    0.96928936
0.55471975    0.97882384
0.5608156    0.9619045
0.5670666    0.9317202
0.5698399    0.90084535
0.55973727    0.8790895
0.5674815    0.91329485
0.5766316    0.902026
0.5652531    0.87950325
0.5505906    0.8974097
0.5385782    0.9027418
0.53591734    0.9034699
0.53606373    0.87458473
0.52620476    0.89644104
0.51950127    0.916165
0.51413345    0.90706
0.50911117    0.9197353
0.5327937    0.96635455
0.53102565    0.8978774
0.56120074    0.8869908
0.5488546    0.89360416
0.54566073    0.9074951
0.53449005    0.8792988
0.5457007    0.89696115
0.5335435    0.8911518
0.5430676    0.8807663
0.51271045    0.89099115
0.5051742    0.8809385
0.5048693    0.94158906
0.49886304    0.91391224
0.4975299    0.8819888
0.48939672    0.89851844
0.47994453    0.93934816
0.48643544    0.8820613
0.48301503    0.89423484
0.48913372    0.93195647
0.48343357    0.87560964
0.48316035    0.9624633
0.49116588    0.88066363
0.4804502    0.99079776
0.47927442    0.90387076
0.4792561    0.9657607
0.47793868    0.9217987
0.47976643    0.9291044
0.4737645    0.9337442
0.48802042    0.9633285
0.5043508    0.94845337
0.59821165    0.975272
0.6384757    0.9084786
0.5599376    0.938468
0.51421267    0.9190168
0.49055994    0.9417547
0.5038902    0.92856944
0.47209346    0.92676014
0.47401017    0.95835716
0.47640812    0.92197084
0.44746095    0.9829014
0.44841066    0.9673858
0.45143917    0.9442172
0.4372166    0.9256811
0.4414726    0.9554726
0.43081674    0.96625054
0.43479335    0.9166625
0.42434183    0.9688411
0.42607087    0.91262794
0.4283919    0.9394235
0.4213019    0.9187008
0.41619584    0.96421313
0.41230595    0.93204045
0.41646785    0.94273037
0.41384384    0.93553144
0.40976653    0.9501314
0.4288332    0.9476281
0.43086836    0.9686795
0.43133804    0.9437369
0.4373187    0.94697994
0.44133118    0.9591837
0.44378278    0.974005
0.44298553    0.9481366
0.4362277    0.9690149
0.42745006    0.9329473
0.42226902    0.9644814
0.41868463    0.96081233
0.41206974    0.9352429
0.41567883    0.96839124
0.4152746    0.9589542
0.41458884    0.9476265
0.42229322    0.93895453
0.40637085    0.96232134
0.40434816    0.96701205
0.41267976    0.971392
0.4632733    0.9998847
0.43855715    0.92108566
0.42209437    0.9322906
0.4048198    0.9335493
0.40819985    0.9484429
0.40154842    0.9338954
0.45746502    0.9637621
0.42153105    0.92399734
0.42128927    0.9387762
0.40630177    0.8999489
0.39972827    0.9295366
0.3863423    0.9568812
0.3809129    0.9162766
0.37142682    0.94991785
0.37162417    0.9346835
0.3676296    0.93183196
0.37576523    0.9578202
0.37053788    0.936063
0.37702417    0.9297667
0.375836    0.91067386
0.3730752    0.9359551
0.37240943    0.9322484
0.37121913    0.9382672
0.38618386    0.928308
0.34045097    0.9281119
0.3296161    0.93040144
0.32308945    0.9321517
0.31813377    0.9331421
0.31419623    0.9337312
0.31095788    0.93542767
0.30814937    0.93568265
0.30574104    0.9362266
0.3035374    0.9367629
0.30142543    0.93743485
0.29957622    0.93764085
0.29782394    0.93810165
0.29616663    0.93905705
0.29462612    0.9393849
0.29312357    0.94005543
0.29171464    0.94038534
0.29038092    0.9407202
0.28910157    0.9410715
0.28784496    0.9409744
0.28666198    0.94095594
0.2855533    0.94106036
0.28440025    0.94064415
0.28333375    0.94073725
0.282277    0.9403888
0.2813275    0.9411689
0.2803395    0.9410773
0.27934483    0.94148624
0.27839687    0.9414331
0.27748004    0.9415153
0.27657777    0.9420256
0.27572975    0.94206876
0.27487954    0.9421902
0.27405247    0.94207966
0.27320337    0.9423315
0.27237704    0.9432286
0.27156404    0.9429606
0.2707845    0.94348615
0.26996595    0.94333315
0.26918757    0.9440082
0.26844835    0.9449603
0.26766202    0.9456626
0.26689425    0.9462347
0.26611155    0.94651544
0.26536316    0.9476639
0.26462543    0.9475287
0.26389545    0.9480183
0.26324648    0.9483742
0.2625598    0.9497217
0.26189086    0.94962454
0.2611968    0.95016146
0.26057935    0.95005393
0.25992513    0.95097244
0.25925678    0.9511405
0.258563    0.9516486
0.2579067    0.9530329
0.25720215    0.9526782
0.25660843    0.953974
0.25600284    0.9536236
0.25540212    0.9534467
0.25482714    0.95447487
0.25432873    0.9551224
0.25369564    0.95467305
0.2532035    0.9549848
0.25263378    0.9559056
0.25196612    0.95634305
0.25128296    0.9575485
0.25061268    0.9578897
0.25006512    0.9585238
0.24949953    0.958318
0.24902941    0.95906365
0.24851203    0.95989895
0.24806505    0.9604122
0.24760483    0.96124125
0.24707057    0.96054316
0.24649946    0.96197474
0.2460153    0.96200824
0.24550167    0.9626771
0.24498652    0.96386224
0.24438798    0.9635849
0.2438317    0.9648099
0.24315983    0.96366835
0.24278763    0.9639646
0.24219348    0.96572626
0.24188484    0.9673192
0.24123605    0.96705353
0.24098332    0.9694201
0.24040256    0.96739775
0.23995084    0.9700765
0.23944332    0.9689993
0.23910466    0.97025007
0.23859808    0.96984506
0.2381991    0.97235864
0.23778081    0.9728704
0.23739317    0.97379804
0.2369794    0.97583926
0.23662879    0.9767031
0.23614025    0.9768311
0.2356966    0.9775812
0.23498236    0.97785056
0.2345978    0.9802667
0.23198214    0.98271996
0.22997195    0.9818407
0.22951612    0.98145795
0.2292014    0.9812706
0.2289606    0.98119205
0.22874628    0.98115164
0.2285621    0.98122305
0.22840063    0.98121256
0.22825532    0.9812881
0.22811398    0.9813051
0.22798143    0.9813326
0.22786024    0.98131984
0.22774065    0.98147094
0.22763477    0.98147494
0.22752818    0.98159313
0.22742508    0.98160875
0.22732796    0.9816928
0.22723046    0.98169667
0.22713666    0.9818285
0.22704464    0.98189276
0.22695963    0.98189646
0.22687335    0.9819417
0.22678512    0.98192275
0.22669902    0.98198384
0.22661771    0.9821128
0.22653764    0.9821267
0.22645946    0.9821732
0.22638088    0.98220676
0.22630471    0.9822425
0.22623116    0.98226225
0.2261577    0.9823829
0.22608224    0.9823829
0.22600983    0.9824469
0.2259346    0.9825763
0.22586365    0.982535
0.22579138    0.9826087
0.22572082    0.9826602
0.22564898    0.9826815
0.22558221    0.98275536
0.2255132    0.98279977
0.22544646    0.9828553
0.2253817    0.98295903
0.2253149    0.98298
0.22525078    0.98304254
0.22518194    0.9830978
0.22511639    0.98323953
0.22505032    0.98331213
0.2249814    0.98335433
0.22491577    0.9834651
0.22485292    0.9834842
0.22478998    0.983631
0.22472753    0.9836526
0.22466564    0.9837684
0.22460261    0.9838199
0.2245419    0.9838949
0.22447969    0.98388666
0.22442317    0.98404145
0.22436106    0.9840433
0.22429833    0.98413277
0.22423753    0.98416436
0.2241756    0.9842208
0.22411717    0.9842277
0.22405796    0.98428833
0.22400002    0.98431456
0.22394086    0.98450327
0.22388056    0.9844076
0.2238263    0.9845408
0.22376236    0.98458713
0.223705    0.98467386
0.22364773    0.984659
0.22359005    0.98479766
0.2235303    0.9849186
0.2234726    0.9849343
0.22341518    0.9849273
0.2233563    0.9851134
0.22329608    0.9851843
0.22323988    0.98516756
0.22317916    0.98522645
0.22312471    0.9852708
0.22306542    0.98522884
0.22301228    0.9854492
0.22295661    0.9855081
0.22290134    0.9855583
0.22285038    0.98570544
0.2227953    0.985801
0.22274059    0.9857594
0.22268878    0.98586595
0.2226313    0.9858385
0.2225794    0.9859553
0.22252639    0.985935
0.2224723    0.986158
0.22242299    0.98606324
0.22236724    0.98616034
0.22231318    0.986119
0.2222637    0.9862689
0.22220898    0.98630255
0.22215852    0.9863373
0.22210528    0.9863823
0.22205342    0.9864323
0.22199897    0.9865114
0.22194467    0.9864786
0.22140528    0.98659134
0.22137566    0.9866476
0.22136031    0.9866858
0.22134918    0.98672265
0.22133958    0.9867513
0.22133109    0.9867703
0.2213231    0.9867901
0.2213154    0.98681045
0.22130796    0.98682857
0.22130087    0.9868412
0.22129387    0.98686266
0.22128713    0.98687756
0.2212804    0.98689145
0.22127376    0.9869006
0.22126728    0.9869167
0.22126104    0.9869267
0.2212545    0.9869391
0.22124816    0.98695225
0.22124189    0.9869593
0.22123578    0.9869686
0.22122946    0.9869844
0.22122362    0.98699087
0.22121736    0.98700005
0.22121124    0.9870182
0.22120556    0.9870199
0.22119957    0.9870441
0.22119357    0.9870468
0.2211874    0.9870557
0.22118172    0.9870677
0.22117591    0.98706955
0.22117004    0.9870739
0.22116391    0.9870847
0.22115843    0.9870969
0.22115275    0.98708934
0.22114699    0.98711085
0.22114106    0.9871015
0.22113535    0.9871178
0.22112973    0.98711514
0.22112435    0.98713577
0.22111848    0.987126
0.22111276    0.98713946
0.22110698    0.98714405
0.22110152    0.98715246
0.22109595    0.98715997
0.22109033    0.9871669
0.22108464    0.9871752
0.22107911    0.9871782
0.22107361    0.9871754
0.22106789    0.9871941
0.22106215    0.98720586
0.22105667    0.98721075
0.2210513    0.98721147
0.22104591    0.9872222
0.22104019    0.98723507
0.22103469    0.98724324
0.22102922    0.9872525
0.22102347    0.98725265
0.22101818    0.98725855
0.22101256    0.9872629
0.22100703    0.98727214
0.22100167    0.9872811
0.22099635    0.9872936
0.22099094    0.9872954
0.22098546    0.9873054
0.22097963    0.98730874
0.22097433    0.9873219
0.22096856    0.9873278
0.22096363    0.9873393
0.22095817    0.98733723
0.22095275    0.9873414
0.22094762    0.9873571
0.22094193    0.98735553
0.22093628    0.98737025
0.220931    0.9873747
0.22092557    0.9873933
0.22092035    0.98738325
0.2209148    0.98739976
0.22090925    0.98740053
0.22090414    0.9874173
0.22089882    0.9874123
0.2208936    0.9874237
0.22088845    0.98742914
0.22088282    0.9874349
0.22087714    0.98744774
0.22087194    0.98746693
0.22086647    0.9874664
0.22086129    0.98747057
0.22085625    0.9874858
0.22085114    0.9874883
0.22084597    0.9874935
0.22084066    0.9875027
0.22083513    0.9875088
0.2208295    0.98751366
0.22082426    0.9875293
0.22081888    0.98753643
0.2208137    0.98755026
0.22080894    0.98756033
0.2208038    0.9875649
0.22079822    0.9875746
0.22079279    0.98758554
0.2207874    0.9875824
0.22073153    0.98758763
0.22073051    0.987591
0.22072974    0.98759395
0.22072889    0.9875961
0.22072816    0.9875983
0.2207275    0.987601
0.22072677    0.9876026
0.22072616    0.987605
0.22072552    0.9876071
0.22072487    0.98760855
0.22072425    0.9876108
0.22072364    0.9876126
0.220723    0.9876148
0.22072245    0.9876162
0.22072189    0.9876168
0.2207213    0.9876191
0.22072068    0.98762023
0.2207201    0.9876222
0.22071949    0.9876227
0.22071892    0.9876254
0.2207184    0.98762625
0.22071783    0.9876268
0.22071724    0.9876282
0.22071669    0.9876293
0.22071609    0.98763037
0.22071561    0.9876309
0.22071497    0.98763204
0.22071443    0.98763376
0.22071388    0.9876347
0.22071335    0.9876347
0.2207128    0.9876367
0.22071221    0.9876362
0.22071171    0.98763716
0.22071111    0.987638
0.22071055    0.9876393
0.22071007    0.9876398
0.22070949    0.987641
0.22070894    0.987642
0.2207084    0.98764366
0.2207078    0.9876433
0.22070734    0.9876441
0.2207068    0.98764515
0.22070622    0.9876464
0.22070567    0.98764765
0.22070514    0.98764753
0.22070464    0.9876497
0.22070408    0.9876491
0.22070354    0.9876501
0.22070299    0.987651
0.22070244    0.9876511
0.22070187    0.9876526
0.22070137    0.98765296
0.22070087    0.98765385
0.22070026    0.9876553
0.2206998    0.9876558
0.22069922    0.9876552
0.22069865    0.9876569
0.22069812    0.9876578
0.22069761    0.98765796
0.22069713    0.98766017
0.22069655    0.9876607
0.220696    0.98766077
0.22069548    0.9876617
0.2206949    0.9876625
0.22069441    0.9876625
0.22069389    0.9876642
0.22069335    0.98766524
0.2206928    0.9876654
0.22069228    0.9876662
0.22069173    0.987667
0.22069117    0.9876672
0.22069064    0.9876684
0.22069012    0.9876692
0.22068967    0.98766965
0.22068907    0.98767227
0.22068855    0.987673
0.22068796    0.98767364
0.22068752    0.987674
0.220687    0.9876739
0.22068645    0.9876745
0.2206859    0.9876756
0.2206853    0.9876775
0.22068477    0.9876776
0.22068429    0.9876784
0.22068374    0.9876795
0.22068329    0.9876797
0.22068265    0.9876803
0.22068213    0.98768234
0.22068165    0.98768336
0.22068113    0.9876839
0.22068058    0.9876839
0.22068004    0.98768544
0.22067954    0.9876852
0.22067901    0.98768586
0.22067842    0.98768723
0.22067788    0.98768836
0.22067732    0.9876881
0.22067684    0.98768973
0.22067633    0.9876901
0.22067578    0.9876905
0.22067522    0.98769206
0.22066958    0.98769224
